| | BGE Score | Sum of top 7 |educated|addicted|armed|athletic|fighter|disguised|musical|animal|artistic|drunk|
| --- | --- | --- | --- | --- | --- | --- | --- | --- | --- | --- | --- | --- |
|mythic-peggy| 6.12 | 6.12 |0.57|0.91|0.91|0.85|0.82|0.80|1.00|0.63|0.83|0.75|
|mythic-bob| 6.03 | 6.03 |0.94|0.71|0.63|0.96|0.87|1.00|0.83|0.58|0.64|0.72|
|mythic-bobby| 6.01 | 6.01 |0.95|1.00|0.75|0.69|0.89|0.85|0.53|0.60|0.29|0.88|
|mythic-dr-zoidberg| 6.00 | 6.00 |1.00|0.83|0.77|0.88|0.90|0.75|0.79|0.83|0.58|0.60|
|mythic-quagmire| 5.93 | 5.93 |0.78|0.73|0.79|0.60|0.87|0.54|0.89|1.00|0.11|0.87|
|mythic-peter| 5.76 | 5.76 |0.79|0.48|0.84|0.79|0.96|0.48|0.59|0.62|1.00|0.76|
|mythic-tina| 5.72 | 5.72 |0.80|0.18|0.86|0.86|0.79|0.75|0.82|0.49|0.73|0.84|
|mythic-stewie| 5.68 | 5.68 |0.74|0.64|0.80|0.66|0.99|0.76|0.85|0.60|0.52|0.88|
|mythic-stan| 5.59 | 5.59 |0.85|0.77|0.79|0.70|0.78|0.45|0.82|0.62|0.71|0.87|
|mythic-leela| 5.58 | 5.58 |0.61|0.64|0.64|0.79|0.87|0.75|0.74|0.70|0.73|1.00|
|mythic-hayley| 5.51 | 5.51 |0.76|0.43|0.77|0.70|1.00|0.52|0.30|0.71|0.58|0.99|
|mythic-boomhauer| 5.50 | 5.50 |0.84|0.68|0.78|0.78|0.00|0.78|0.13|0.90|0.13|0.74|
|mythic-bender| 5.48 | 5.48 |0.94|0.67|1.00|0.55|0.62|0.48|0.64|0.59|0.77|0.84|
|mythic-bobby_lvl_1| 5.40 | 5.40 |0.85|0.90|0.68|0.62|0.80|0.77|0.48|0.54|0.26|0.78|
|mythic-teddy| 5.39 | 5.39 |0.87|0.77|1.00|0.31|0.81|0.66|0.69|0.59|0.00|0.41|
|mythic-louise| 5.38 | 5.38 |0.86|0.45|0.71|0.76|0.83|0.51|0.65|0.71|0.68|0.83|
|bill-dauterive_lvl_18| 5.36 | 5.36 |0.98|0.00|0.54|0.80|0.70|0.67|0.86|0.61|0.07|0.74|
|hank-hill_lvl_18| 5.35 | 5.35 |0.84|0.79|0.77|0.64|0.57|0.64|0.80|0.60|0.72|0.79|
|philip-j-fry_lvl_18| 5.32 | 5.32 |0.70|0.31|0.64|0.86|0.70|0.74|0.86|0.62|0.52|0.82|
|mythic-bob_lvl_1| 5.32 | 5.32 |0.83|0.63|0.56|0.85|0.77|0.88|0.73|0.51|0.57|0.63|
|mythic-professor-farnsworth| 5.28 | 5.28 |0.76|0.56|0.77|0.94|0.93|0.54|0.00|0.78|0.17|0.22|
|mythic-dr-zoidberg_lvl_1| 5.14 | 5.14 |0.86|0.71|0.66|0.75|0.77|0.65|0.67|0.72|0.50|0.52|
|mythic-peggy_lvl_1| 5.12 | 5.12 |0.48|0.76|0.76|0.71|0.69|0.66|0.84|0.53|0.70|0.63|
|mythic-quagmire_lvl_1| 5.11 | 5.11 |0.68|0.63|0.68|0.52|0.75|0.46|0.77|0.86|0.09|0.74|
|mythic-leela_lvl_1| 4.98 | 4.98 |0.54|0.57|0.57|0.71|0.78|0.67|0.66|0.62|0.65|0.89|
|mythic-tina_lvl_1| 4.98 | 4.98 |0.70|0.16|0.75|0.75|0.69|0.65|0.71|0.43|0.65|0.73|
|hank-hill| 4.97 | 4.97 |0.78|0.74|0.71|0.60|0.53|0.59|0.74|0.56|0.67|0.73|
|mythic-stewie_lvl_1| 4.94 | 4.94 |0.65|0.55|0.69|0.58|0.87|0.65|0.74|0.53|0.46|0.76|
|mythic-bullock| 4.94 | 4.94 |0.69|0.65|0.65|0.66|0.60|0.79|0.52|0.00|0.13|0.90|
|meg-griffin_lvl_18| 4.92 | 4.92 |0.66|0.53|0.48|0.52|0.64|0.62|0.76|0.69|0.72|0.83|
|mythic-peter_lvl_1| 4.92 | 4.92 |0.68|0.41|0.72|0.67|0.82|0.41|0.50|0.53|0.85|0.65|
|bill-dauterive| 4.90 | 4.90 |0.90|0.00|0.49|0.73|0.64|0.61|0.79|0.55|0.06|0.68|
|eugene-belcher_lvl_18| 4.82 | 4.82 |0.63|0.56|0.61|0.77|0.00|0.49|0.86|0.65|0.62|0.68|
|mythic-stan_lvl_1| 4.80 | 4.80 |0.73|0.66|0.67|0.60|0.67|0.38|0.71|0.53|0.62|0.74|
|mythic-bender_lvl_1| 4.71 | 4.71 |0.81|0.57|0.86|0.47|0.54|0.41|0.56|0.51|0.66|0.71|
|dr-amy-wong_lvl_18| 4.70 | 4.70 |0.57|0.72|0.70|1.00|0.12|0.57|0.00|0.52|0.13|0.62|
|philip-j-fry| 4.68 | 4.68 |0.62|0.27|0.56|0.75|0.62|0.65|0.76|0.54|0.46|0.72|
|peter_lvl_18| 4.67 | 4.67 |0.65|0.39|0.68|0.64|0.78|0.39|0.48|0.50|0.81|0.61|
|mythic-hayley_lvl_1| 4.66 | 4.66 |0.64|0.37|0.65|0.59|0.84|0.44|0.25|0.60|0.50|0.84|
|mythic-louise_lvl_1| 4.65 | 4.65 |0.74|0.39|0.61|0.65|0.72|0.44|0.56|0.61|0.60|0.72|
|bobby_lvl_18| 4.64 | 4.64 |0.74|0.77|0.58|0.53|0.69|0.66|0.41|0.47|0.22|0.67|
|mythic-brian| 4.62 | 4.62 |0.72|0.00|0.55|0.41|0.19|0.73|0.58|0.81|0.82|0.33|
|mythic-boomhauer_lvl_1| 4.61 | 4.61 |0.71|0.57|0.65|0.65|0.00|0.65|0.11|0.76|0.10|0.62|
|mythic-dale| 4.61 | 4.61 |0.91|0.43|0.65|0.43|0.67|0.50|0.73|0.72|0.00|0.00|
|klaus-heisler_lvl_18| 4.48 | 4.48 |0.71|0.52|0.64|0.62|0.78|0.56|0.21|0.53|0.10|0.64|
|bender_lvl_18| 4.44 | 4.44 |0.77|0.54|0.81|0.44|0.50|0.39|0.53|0.48|0.62|0.67|
|mythic-professor-farnsworth_lvl_1| 4.41 | 4.41 |0.64|0.47|0.64|0.78|0.78|0.45|0.00|0.65|0.14|0.19|
|meg-griffin| 4.39 | 4.39 |0.59|0.48|0.42|0.47|0.57|0.55|0.68|0.62|0.64|0.74|
|tina_lvl_18| 4.38 | 4.38 |0.62|0.13|0.66|0.66|0.61|0.57|0.62|0.38|0.57|0.64|
|mythic-teddy_lvl_1| 4.36 | 4.36 |0.71|0.62|0.81|0.25|0.65|0.53|0.56|0.48|0.00|0.34|
|eugene-belcher| 4.34 | 4.34 |0.57|0.50|0.55|0.69|0.00|0.44|0.78|0.58|0.56|0.61|
|linda-belcher_lvl_18| 4.32 | 4.32 |0.53|0.00|0.79|0.68|0.44|0.25|0.43|0.73|0.56|0.59|
|dr-amy-wong| 4.27 | 4.27 |0.53|0.65|0.63|0.90|0.11|0.52|0.00|0.48|0.12|0.56|
|bobby| 4.26 | 4.26 |0.68|0.70|0.54|0.49|0.63|0.60|0.38|0.43|0.20|0.62|
|peggy| 4.23 | 4.23 |0.38|0.74|0.60|0.53|0.55|0.50|0.68|0.45|0.59|0.54|
|chris-griffin_lvl_18| 4.17 | 4.17 |0.80|0.43|0.75|0.63|0.47|0.37|0.19|0.00|0.72|0.15|
|lois-griffin_lvl_18| 4.13 | 4.13 |0.09|0.68|0.08|0.49|0.72|0.67|0.00|0.68|0.00|0.80|
|mythic-bullock_lvl_1| 4.12 | 4.12 |0.58|0.54|0.54|0.55|0.51|0.65|0.44|0.00|0.10|0.75|
|tina| 4.10 | 4.10 |0.58|0.12|0.61|0.62|0.57|0.53|0.58|0.36|0.54|0.60|
|peter| 4.05 | 4.05 |0.56|0.34|0.59|0.55|0.67|0.34|0.41|0.44|0.71|0.53|
|bob| 4.04 | 4.04 |0.60|0.60|0.40|0.59|0.56|0.62|0.55|0.39|0.51|0.52|
|klaus-heisler| 3.98 | 3.98 |0.64|0.46|0.57|0.55|0.69|0.49|0.19|0.47|0.09|0.57|
|bender| 3.97 | 3.97 |0.69|0.48|0.72|0.40|0.45|0.35|0.48|0.43|0.56|0.59|
|linda-belcher| 3.94 | 3.94 |0.49|0.00|0.72|0.62|0.40|0.23|0.39|0.66|0.51|0.54|
|mythic-brian_lvl_1| 3.94 | 3.94 |0.61|0.00|0.47|0.34|0.17|0.62|0.50|0.69|0.71|0.28|
|chris-griffin| 3.92 | 3.92 |0.76|0.41|0.70|0.59|0.44|0.35|0.17|0.00|0.67|0.14|
|mythic-dale_lvl_1| 3.91 | 3.91 |0.77|0.37|0.55|0.36|0.57|0.42|0.62|0.61|0.00|0.00|
|steve-smith| 3.90 | 3.90 |0.51|0.52|0.72|0.27|0.60|0.61|0.50|0.44|0.13|0.15|
|roger| 3.90 | 3.90 |0.73|0.39|0.51|0.44|0.50|0.43|0.34|0.47|0.72|0.53|
|stewie| 3.85 | 3.85 |0.48|0.55|0.51|0.45|0.66|0.47|0.59|0.43|0.39|0.59|
|stan| 3.82 | 3.82 |0.53|0.59|0.52|0.44|0.49|0.30|0.54|0.43|0.54|0.61|
|bill| 3.68 | 3.68 |0.65|0.00|0.36|0.52|0.49|0.44|0.62|0.44|0.14|0.52|
|lois-griffin| 3.67 | 3.67 |0.08|0.60|0.07|0.43|0.64|0.60|0.00|0.61|0.00|0.71|
|quagmire| 3.59 | 3.59 |0.45|0.54|0.46|0.34|0.49|0.33|0.54|0.61|0.18|0.50|
|leela| 3.59 | 3.59 |0.38|0.50|0.44|0.47|0.53|0.46|0.49|0.45|0.53|0.61|
|amy| 3.56 | 3.56 |0.41|0.63|0.49|0.70|0.12|0.43|0.00|0.41|0.26|0.49|
|boomhauer| 3.55 | 3.55 |0.53|0.51|0.46|0.47|0.00|0.45|0.14|0.60|0.21|0.53|
|louise| 3.49 | 3.49 |0.54|0.36|0.44|0.47|0.52|0.34|0.42|0.48|0.49|0.55|
|hank| 3.47 | 3.47 |0.50|0.59|0.45|0.39|0.34|0.39|0.51|0.40|0.48|0.54|
|francine-smith_lvl_18| 3.38 | 3.38 |0.82|0.34|0.32|0.29|0.00|0.60|0.42|0.00|0.59|0.27|
|fry| 3.30 | 3.30 |0.43|0.25|0.39|0.52|0.43|0.45|0.55|0.38|0.40|0.52|
|hayley| 3.28 | 3.28 |0.45|0.32|0.44|0.41|0.58|0.34|0.23|0.45|0.34|0.61|
|klaus| 3.27 | 3.27 |0.51|0.45|0.45|0.44|0.55|0.38|0.19|0.41|0.20|0.46|
|gene| 3.25 | 3.25 |0.40|0.44|0.39|0.47|0.00|0.33|0.57|0.44|0.45|0.48|
|brian| 3.21 | 3.21 |0.46|0.00|0.34|0.36|0.15|0.45|0.43|0.56|0.60|0.35|
|meg| 3.20 | 3.20 |0.41|0.41|0.31|0.34|0.40|0.37|0.51|0.47|0.46|0.54|
|teddy| 3.20 | 3.20 |0.50|0.54|0.55|0.24|0.46|0.37|0.42|0.36|0.00|0.34|
|dr-zoidberg| 3.18 | 3.18 |0.50|0.51|0.39|0.43|0.46|0.37|0.42|0.47|0.33|0.35|
|professor-farnsworth| 3.02 | 3.02 |0.43|0.39|0.44|0.50|0.52|0.27|0.00|0.47|0.17|0.21|
|francine-smith| 2.99 | 2.99 |0.72|0.30|0.29|0.25|0.00|0.53|0.37|0.00|0.53|0.24|
|linda| 2.97 | 2.97 |0.35|0.00|0.51|0.43|0.30|0.17|0.31|0.50|0.43|0.44|
|lois| 2.80 | 2.80 |0.09|0.51|0.15|0.32|0.46|0.40|0.00|0.45|0.00|0.51|
|francine| 2.78 | 2.78 |0.59|0.32|0.25|0.23|0.00|0.44|0.35|0.00|0.49|0.34|
|bullock| 2.68 | 2.68 |0.37|0.42|0.35|0.33|0.33|0.40|0.31|0.00|0.16|0.48|
|chris| 2.58 | 2.58 |0.49|0.34|0.43|0.39|0.27|0.23|0.16|0.00|0.43|0.11|
|dale| 2.53 | 2.53 |0.45|0.29|0.34|0.25|0.35|0.28|0.42|0.40|0.00|0.00|
|steve-smith_lvl_18| 1.92 | 1.92 |0.31|0.24|0.28|0.19|0.29|0.26|0.30|0.24|0.09|0.12|
|hermes-conrad_lvl_18| 1.17 | 1.17 |0.00|0.00|0.16|0.07|0.00|0.60|0.14|0.00|0.00|0.20|
|hermes| 1.04 | 1.04 |0.00|0.00|0.18|0.10|0.00|0.38|0.14|0.00|0.00|0.24|
|hermes-conrad| 1.03 | 1.03 |0.00|0.00|0.14|0.06|0.00|0.53|0.12|0.00|0.00|0.18|
|mort| 0.72 | 0.72 |0.00|0.00|0.30|0.00|0.00|0.16|0.26|0.00|0.00|0.00|
|stevs| 0.00 | 0.00 |0.00|0.00|0.00|0.00|0.00|0.00|0.00|0.00|0.00|0.00|
|luanns| 0.00 | 0.00 |0.00|0.00|0.00|0.00|0.00|0.00|0.00|0.00|0.00|0.00|
|